Geracao: 2
F:1146.2080808079063;W:[-0.024636661554064646, 0.9490338548623168, 0.9490338548623168, 0.17090764398454833, 1.0661495372951384];B[0.2670813587084078, -0.6691533200275781, -0.5723370239650385, 0.25406116993577665, -0.486196069971221]
F:1146.2080808079063;W:[-0.024636661554064646, 0.9490338548623168, 0.9490338548623168, 0.17090764398454833, 1.0661495372951384];B[0.2670813587084078, -0.6691533200275781, -0.5723370239650385, 0.25406116993577665, -0.486196069971221]